-49.8749  115.386
-30.6696  79.4266
8.50093  -2.20313
-14.9709  48.9013
32.284  -47.102
-32.5892  83.7678
21.0501  -26.9649
-19.6005  49.3509
-40.8597  95.3639
-35.2687  82.1964
48.8525  -83.2481
-38.0917  86.23
-49.1089  111.997
3.1663  9.37925
10.1764  -4.28114
-33.3766  83.3836
-4.92111  23.3634
-44.2961  104.669
28.3319  -38.6377
1.98828  9.04294
37.5973  -57.9278
45.5901  -71.923
3.93536  3.55266
-3.79192  19.9371
36.2239  -60.3519
27.9656  -37.4947
49.6796  -79.3622
11.1499  -8.3755
-23.3787  59.7302
34.0144  -57.7914
-12.4134  35.753
17.7206  -24.879
-49.1211  117.43
-22.4113  57.5515
8.79086  -0.669881
33.7611  -50.2573
-1.50609  15.0658
24.3736  -34.0626
-4.20392  27.8994
24.4438  -37.8048
9.90478  -5.95721
23.5008  -30.9119
7.24052  -0.867641
-34.8445  81.9401
-7.48466  32.9981
1.71056  16.4788
25.1549  -36.8542
-33.1019  82.7769
-0.810266  12.2559
19.9759  -24.9037
-35.2504  89.9966
-35.8425  90.7361
19.2892  -25.548
-7.34428  25.3923
46.6613  -76.4907
-34.6767  88.1259
32.168  -48.5156
-30.8649  73.5087
31.7194  -48.6862
-34.4447  83.9286
23.2017  -32.3475
-22.042  59.7714
18.2241  -18.8897
22.1915  -29.6301
-37.698  89.0741
33.4681  -56.5853
1.70141  13.227
-7.37785  25.8025
44.9339  -70.654
4.95468  3.55052
-2.82754  19.4049
34.698  -56.2273
-4.39009  21.4991
48.2971  -83.6161
23.9189  -32.165
-30.401  78.4152
33.9442  -53.9119
0.0900296  18.7216
-47.2533  114.453
7.25883  -4.01257
3.13272  5.67522
34.3043  -52.3411
15.7613  -19.5441
34.2158  -57.1984
-39.0072  95.4457
-18.5934  56.5975
-21.3919  56.147
-35.9737  89.2782
33.462  -49.8441
10.0238  -2.57546
-24.7276  60.9
-49.8383  110.287
30.6238  -42.7213
-28.9422  69.0405
5.3209  -0.499283
-38.6227  91.7905
25.222  -33.5826
4.34431  2.05023
-6.32801  24.6754
19.6219  -26.3402
-6.33106  24.9864
7.7868  -0.24781
12.8681  -14.1343
0.413526  18.8034
19.5761  -19.9042
-31.0053  75.37
-32.165  84.2817
-4.25581  28.4918
-40.2493  96.7504
-40.5606  95.4985
43.1516  -75.819
39.462  -66.0237
-27.2698  72.2303
-8.92819  29.8761
12.8071  -9.57274
-4.83871  24.341
9.78271  -3.21818
35.4793  -52.6707
12.4775  -7.7459
6.57521  0.600909
-31.5729  80.5249
5.51317  8.02454
-25.7134  63.3161
10.4724  -3.95978
8.46126  -3.40953
-0.553911  11.9117
24.0745  -32.0286
12.038  -7.16483
30.4529  -49.4147
7.60369  3.46995
41.1557  -66.1644
22.7683  -35.1045
16.7776  -13.7898
-18.4988  52.6896
-19.4174  50.5741
-39.1446  96.9796
35.1222  -52.8013
-34.5119  82.2929
-42.0652  94.8964
14.098  -9.99603
4.50911  5.46434
-9.10215  31.1917
-3.44401  21.9001
-34.7346  82.6997
23.7999  -34.4609
32.6685  -45.7463
37.3348  -57.4194
-19.9942  59.4284
-37.2768  85.211
28.4967  -41.7475
10.9638  -2.36641
-42.7732  104.303
15.3859  -17.5506
-39.5199  94.0904
-27.2912  67.4853
41.998  -68.4845
16.2801  -21.4148
-0.746178  15.2837
-0.318918  18.5714
0.926237  11.9712
18.8162  -22.3109
10.6281  -7.3043
-49.411  115.901
-39.938  96.1068
36.3247  -57.7343
24.7337  -34.4984
-11.9892  41.832
5.28123  3.00851
45.5718  -74.835
-32.342  78.4265
-36.8374  91.1075
45.172  -74.2241
-47.2167  107.732
-44.409  105.21
-36.8374  92.1455
36.4315  -56.8941
22.1641  -25.7884
-48.5321  108.329
20.7907  -25.41
-28.2434  67.1462
-33.108  82.457
-15.9017  44.9974
-13.2435  43.097
30.2393  -42.4097
2.65358  10.8039
29.8181  -40.6302
-35.519  87.3397
-9.75829  32.0536
-36.346  91.2439
-43.3836  101.045
7.33512  -1.64739
4.80514  2.64534
-18.865  48.8363
30.8039  -50.2606
-21.5751  61.0312
39.523  -61.1496
24.3797  -32.6072
-13.8874  46.3414
-27.1508  72.9374
-27.0562  66.6079
21.2027  242.416
-223.098  -209.288
12.3371  -36.5993
-202.666  -120.602
195.769  -133.618
-176.725  -187.452
215.819  -209.944
-226.455  -220.641
-81.7972  207.35
-50.6989  -33.6085
223.083  168.592
17.1133  171.049
96.7666  -51.1567
-120.418  -247.833
12.7949  227.401
-50.6531  -129.452
42.7793  -122.433
92.0057  222.64
-32.2504  195.112
-246.414  220.489
50.7752  143.078
38.3389  -178.785
-138.836  -58.4964
-247.864  -41.0398
-208.876  79.9661
177.549  -217.574
155.53  81.0343
95.7442  151.349
15.0685  92.8144
-178.617  94.7523
113.948  138.867
-234.466  184.339
72.2602  103.282
-207.274  25.9941
223.952  -220.611
-112.514  -177.412
240.89  59.9918
-103.877  211.241
-66.2328  97.2701
-140.683  -172.04
-129.727  10.7196
201.14  -196.791
201.323  -29.1375
-209.944  141.049
-164.106  237.197
137.936  185.194
-144.681  -21.691
-248.123  125.317
-192.976  -47.647
-94.4319  246.307
-230.712  -123.959
-155.362  -126.156
-173.246  60.1596
192.686  219.543
-152.173  139.828
72.779  78.3792
204.573  -22.2709
210.646  82.0872
-174.619  68.1707
34.7682  -38.9798
221.511  20.2872
39.285  18.2272
-122.356  -51.5229
-74.8695  -231.689
147.626  -151.746
-214.858  -55.2919
45.3734  -214.537
-151.166  -172.056
72.1686  -22.8355
52.1485  98.674
-29.3512  92.2346
-51.7365  167.859
46.1058  -150.204
224.731  188.002
-54.1475  243.728
-157.346  197.859
37.225  -28.9697
63.6692  104.259
-225.188  -107.219
-119.9  -46.1821
197.661  105.098
114.223  198.027
-53.2167  -51.294
201.933  -95.6984
-55.9481  35.287
-73.2215  116.848
122.677  118.191
119.716  -180.342
-149.915  -113.704
90.2203  205.565
-66.0802  8.82748
-195.311  203.719
-148.465  8.98007
77.4178  -30.7398
93.8215  -204.787
-210.219  -212.111
-236.099  -72.4586
-96.3851  98.6435
-178.663  -52.5758
-216.079  87.8704
112.468  -150.647
97.0107  57.8555
77.4483  21.9962
-200.85  22.6829
-225.188  237.289
-17.983  234.985
113.933  15.4805
89.9609  96.4003
-63.9439  -55.6887
-225.021  154.889
-165.22  -219.588
-94.7218  142.239
-143.765  -89.0454
-7.66778  -245.422
-30.0684  3.92926
52.9725  129.269
-49.4629  -75.0984
171.323  221.16
61.655  248.642
-223.266  31.4264
181.776  -56.6195
-96.7971  -107.891
-236.648  56.2838
-54.4069  -240.692
-234.481  -22.1488
178.968  218.383
-49.0509  113.643
55.7955  154.187
187.712  41.2992
47.5097  -210.494
146.588  -18.8986
45.3124  44.7172
34.6004  158.032
86.375  -78.2113
-244.888  -116.344
-79.2184  -133.953
135.51  -64.127
184.935  -191.572
112.789  64.4627
196.974  -158.49
17.7847  201.003
140.042  232.604
-151.318  200.774
148.709  226.699
174.406  195.173
64.3559  -157.27
58.4658  -117.504
-124.676  116.1
144.055  -164.533
106.944  -9.5294
-209.258  153.272
177.671  -187.681
-96.263  36.6604
-13.5121  131.024
-154.065  113.887
247.513  -242.325
73.8166  95.8205
-162.931  -213.942
-112.514  88.3129
169.462  28.3288
-64.3864  139.752
-133.74  69.1168
-134.167  -147.702
235.519  -109.127
-238.556  134.61
-174.085  -226.516
-245.376  -75.7088
71.9398  -78.3792
-42.7183  -41.7417
-204.665  22.5913
99.6353  -81.0038
78.7606  188.124
17.7389  35.0124
-223.006  -17.1133
-120.006  -36.5993
181.669  -6.70644
-206.282  32.9066
104.701  139.233
182.112  175.275
-103.496  182.188
72.4586  123.424
164.319  132.809
185.957  204.161
206.267  10.979
-29.9158  -196.181
-72.9926  161.527
-36.1415  -165.082
-249.573  78.7301
136.776  -218.139
-205.092  -57.1688
91.9446  153.806
-172.956  -178.571
-225.768  -76.9295
-240.722  239.212
73.8166  -223.174
207.076  68.7353
-34.1426  -239.471
-128.704  -54.0254
77.0058  140.942
-238.586  163.022
-180.784  67.1331
25.2007  241.745
-18.2882  -142.605
-99.6506  141.079
-78.7301  -9.69726
54.0101  -198.744
242.218  127.911
-174.558  -21.7978
105.815  249.374
137.753  70.8258
60.6021  223.052
94.0809  -105.098
33.578  -104.808
24.1173  106.182
-126.782  23.339
-3.68511  226.028
84.9101  132.58
61.6855  -27.1233
149.38  122.768
244.461  -147.687
64.7374  204.909
45.6481  209.197
2.76955  -5.30259
-25.1396  194.67
220.199  -158.536
-124.02  -148.495
115.246  220.565
62.5401  -229.324
70.6732  -232.742
28.1762  22.2404
-26.8334  -219.314
248.016  -186.125
50.4547  -224.822
-163.602  80.1187
-83.7809  -92.0209
76.7922  -44.7325
-36.2484  -139.187
89.259  -166.776
-1.22837  3.82244
151.364  -32.4641
-247.742  -80.2561
-62.0518  -185.713
163.663  116.649
195.57  71.6651
75.2968  7.24052
116.985  118.587
228.545  -17.0827
-68.3691  -193.907
202.33  160.611
-22.6066  -195.662
184.721  130.688
-230.438  -41.6654
218.062  -216.124
-167.57  -144.36
-191.542  45.5565
-190.825  59.1372
40.0479  95.1491
115.78  207.823
84.8643  -100.749
154.431  -60.9073
248.749  136.258
-147.794  -164.716
-55.8718  -159.391
40.4904  -152.188
230.071  -154.874
-59.1372  -98.0026
-189.589  -150.922
-226.882  135.586
130.52  190.519
-249.115  -25.689
-36.813  150.769
-19.3258  -2.57118
124.691  -130.749
29.7021  -203.627
211.013  196.913
178.51  -220.183
-4.55489  66.0192
123.608  128.033
-122.127  204.955
145.993  -150.189
26.4214  -224.38
11.0858  145.184
102.077  -237.976
115.871  26.6808
207.106  187.773
148.465  -97.2854
-52.53  -9.05637
-223.708  75.9835
-249.573  134.289
128.094  -140.133
-172.62  -221.236
85.3069  -233.657
-77.0669  98.9334
149.075  -31.869
240.86  67.774
-102.351  -11.5131
187.178  -210.356
-199.507  -178.388
-178.495  208.998
-95.6374  -63.0894
156.919  -226.684
157.102  -130.001
198.943  -121.746
-115.322  -145.993
-135.311  173.078
187.422  193.846
172.391  54.6358
-229.553  -163.236
-158.124  -72.0466
-25.3685  -157.468
197.233  61.5177
23.1712  205.84
11.2995  115.322
249.664  234.664
183.714  170.103
-176.664  -62.7995
-107.814  -164.518
236.877  120.907
108.303  -234.558
72.5196  156.354
117.962  159.085
-187.681  109.447
-62.4638  74.9153
207.717  194.838
-233.917  136.746
-25.5669  -246.216
-135.693  -40.7651
-171.705  209.517
0.846889  -128.567
127.239  203.261
-143.262  -233.947
135.586  -135.876
28.2983  153.195
176.008  -84.1929
19.4632  245.895
184.675  73.4352
-136.135  156.4
-64.478  -66.5532
-232.513  30.6482
-51.0651  -190.107
-87.5347  199.507
-149.258  220.092
-187.468  174.665
196.974  -27.2149
-138.943  67.3772
30.0378  62.0212
-38.171  -241.76
182.066  -180.189
-116.298  -104.015
90.8307  30.7245
229.415  53.6134
144.116  -38.6441
159.192  119.732
-182.112  8.26289
-239.959  -246.506
124.157  -83.0638
201.064  -18.8681
133.953  -224.746
65.4851  -237.915
91.2122  234.542
0.221259  103.191
-117.031  161.176
73.3131  48.6084
-118.191  172.117
-19.9667  124.081
-74.1981  -242.752
-11.7267  63.242
-48.059  -58.1912
-236.19  -105.586
48.4252  191.939
-33.9137  215.773
-58.5116  16.5639
-244.964  237.121
182.6  -31.2891
99.8184  -83.5215
51.1719  -0.724815
29.809  -230.499
-60.8921  -133.48
218.673  179.762
232.055  54.4069
41.9858  -211.776
-46.4873  -97.3464
-0.709555  -209.975
187.391  -97.8652
140.759  216.445
44.2137  -141.888
-110.347  30.3583
187.208  -124.966
-99.2996  113.567
183.302  -134.457
-154.645  -26.6045
195.173  37.1639
-235.611  247.62
-220.382  59.595
-121.532  -165.082
-191.939  -134.259
-2.55593  229.904
-225.356  -210.189
-81.1716  -110.134
7.77459  -4.72274
-43.8627  212.355
50.531  -103.923
-12.1235  -49.1729
225.661  24.1783
167.463  147.214
150.83  46.4263
185.041  -90.968
219.588  -116.039
221.664  109.386
-186.186  137.448
-13.5578  -162.046
-236.663  -229.186
-22.6066  181.15
-181.944  -242.767
-143.612  159.268
148.602  139.828
79.2489  -100.627
140.713  210.753
171.064  -128.689
-0.618  -238.495
-212.142  -234.558
-71.894  107.662
-45.0987  -159.787
-101.039  -158.948
122.448  -182.63
-220.885  12.8101
-70.5664  153.363
-170.591  199.934
-184.095  -235.382
-159.284  159.04
-125.393  35.3481
-76.5481  19.9667
82.4534  185.377
216.262  222.64
-197.401  -173.383
28.985  150.128
197.569  -213.744
186.155  161.206
-55.8565  24.3919
85.9783  -24.5293
-109.31  224.731
241.073  114.025
47.4029  -113.811
-184.019  -151.028
50.2564  -6.32496
-72.3365  -135.037
-10.7807  95.8968
224.075  85.5663
241.287  -131.237
6.78274  -132.092
199.019  -7.82037
-86.7718  18.746
35.3938  -81.7362
-75.9224  -165.387
-104.915  -140.362
211.409  119.839
153.5  75.2205
93.3485  -114.956
133.435  -217.788
110.881  179.533
-79.2184  -227.813
-7.85089  -239.608
169.095  59.2593
20.2872  52.0264
34.341  138.684
70.0171  98.3688
129.971  184.004
-171.003  -38.2473
143.231  -239.288
-30.8161  -228.927
3.15104  -115.368
-215.865  -127.575
241.028  3.22733
57.7639  -214.492
-66.2481  227.767
180.036  -81.2632
-129.055  -105.235
-224.517  246.353
-163.77  -215.545
-139.935  -99.5437
143.429  74.8085
-208.159  -118.618
-181.761  -141.232
31.2891  -160.871
66.1412  -196.547
-23.1407  129.421
-83.0943  -221.297
-108.745  97.148
186.628  33.7916
184.248  -209.395
147.702  249.832
67.4993  59.4272
47.3876  46.5636
-152.875  239.441
-134.243  -228.851
-130.474  -122.433
-46.5941  147.473
-113.765  200.026
-60.2817  113.781
-146.756  -223.525
52.2858  -73.0079
-69.3762  84.0556
238.021  -138.18
197.89  -76.5175
226.76  82.5602
-149.167  -108.821
-72.2755  15.9993
-104.503  -140.011
-200.194  -196.638
104.671  171.903
85.9325  159.574
-247.116  -4.326
52.3164  217.666
-104.686  52.9115
123.455  186.918
206.114  165.052
52.9572  -97.56
142.117  -174.94
21.3095  94.5235
-52.6826  246.597
-199.034  -44.1984
-236.282  93.7147
-120.556  -165.494
-135.678  -155.499
181.104  131.649
-226.196  -8.38496
-221.923  230.621
-207.503  32.7387
231.277  36.9503
189.329  -45.6481
-48.4252  -43.2524
79.2642  161.679
222.594  -108.44
-248.886  58.1301
-225.28  78.0282
-39.0255  227.248
51.9807  -149.564
-42.8098  -79.722
61.5635  154.202
-247.574  -197.371
-52.7894  -111.568
-91.6089  162.122
176.756  -94.2335
-151.166  32.342
-15.4653  247.559
-33.3796  -65.7598
-40.6125  -57.5655
40.2158  188.871
-81.2937  -53.3082
225.524  4.57015
-40.7041  54.1475
138.379  -208.174
-174.406  -146.039
-206.328  -91.3648
-14.0919  64.5695
-83.6131  -210.341
57.2604  -178.587
-109.645  162.488
-30.4651  247.208
-139.523  -196.333
9.49889  -117.702
-246.323  38.1252
135.281  -196.242
234.603  -65.2867
201.994  10.857
-138.668  -98.6892
-10.7654  -94.6913
-42.7946  132.366
170.804  -55.4445
-36.2636  112.087
117.458  -204.299
-209.136  126.537
173.49  68.9032
-70.1849  -12.4897
-202.803  -42.3521
-155.82  -78.4402
206.694  -135.342
-94.8439  -172.864
-79.2337  -158.856
-113.857  -147.031
-163.77  -82.3618
-217.284  0.953703
231.841  154.63
-26.7724  206.496
-160.367  -9.04111
-13.9546  99.62
-125.698  218.352
-111.278  -100.23
161.222  159.818
64.951  147.534
-246.399  -119.518
-105.235  226.485
179.731  8.72066
103.755  -121.914
210.524  -4.37178
-203.23  162.992
-211.653  -108.684
-58.0691  71.6346
7.5457  -34.2341
-179.64  237.487
-212.691  -247.406
207.396  -44.1679
127.667  -156.171
-199.141  -38.4304
88.9691  13.7104
162.107  168.592
-114.254  -0.251778
185.224  -175.504
235.397  19.1885
-139.66  -216.628
-147.687  -151.135
-153.546  -150.235
228.393  46.7467
119.396  -102.809
89.9152  143.063
210.662  214.217
172.163  -120.51
-197.279  -219.054
201.888  -175.84
196.379  -70.2918
228.347  -59.2135
-84.2692  92.2803
193.77  -59.946
-33.3644  87.3211
-116.451  -8.58333
13.9241  151.028
147.061  123.165
-6.66066  163.892
29.519  -110.607
-76.4107  -222.93
205.626  131.451
-65.7598  -108.806
-144.375  -87.7178
-224.929  190.809
-125.591  -48.0895
-177.564  187.635
54.0559  141.827
-151.578  -24.1478
130.886  -33.3338
68.2318  152.28
-162.778  -88.6639
231.597  104.701
-151.227  181.44
-226.348  121.609
-231.979  -184.584
-208.815  26.3451
34.4783  16.5029
-140.561  -211.409
-97.6974  -217.772
-44.3663  -183.149
-124.157  160.321
4.38704  -115.642
243.973  208.266
-189.131  -107.784
103.481  -14.5344
-102.626  -77.6772
12.5507  155.56
8.61385  -216.338
164.609  27.1996
-198.18  4.78378
223.342  111.553
-13.039  -24.3461
209.441  24.4224
-67.362  192.183
79.8593  -188.734
3.70037  -193.785
-110.103  23.2322
145.642  -65.4088
179.06  122.173
-18.0746  -70.1697
-28.9544  42.9624
-60.4801  66.0192
28.8018  -8.7054
168.332  -157.147
-245.148  -195.372
-229.69  -139.111
-122.021  -44.8546
103.801  -28.634
-183.47  22.0267
178.388  153.317
-140.866  211.913
-93.318  -178.388
53.4303  -244.858
227.783  18.6239
-56.5584  -243.805
-131.466  192.854
46.2279  -173.704
-241.729  17.6016
208.357  76.3649
-137.768  -47.2198
232.91  -201.46
-50.2106  3.05948
-82.3466  -85.7952
62.7079  -124.615
-105.022  16.7623
199.339  -10.9638
-85.9172  87.2906
-19.8294  41.3755
-43.6186  211.15
-189.512  82.3618
-175.657  -126.308
-194.212  -198.988
94.7523  163.221
-4.63118  -23.1254
76.7159  -40.7498
69.9561  -200.392
165.296  -65.6835
188.978  10.0177
231.14  -52.6521
112.85  65.302
-62.9368  156.705
176.283  -218.032
121.792  -68.8116
-132.199  159.482
141.858  -113.033
31.6095  -162.641
-187.88  128.552
-43.0998  -110.286
-164.518  22.103
-129.376  -90.6934
-137.463  79.0201
99.208  85.1238
71.6651  -221.984
-85.2458  226.119
-89.6558  -96.1867
-168.516  -65.7292
-111.782  230.56
-131.893  -119.594
62.418  128.018
41.406  -114.498
106.075  -81.0495
107.067  -239.212
100.276  65.3478
-186.811  109.935
-59.5492  11.9709
182.066  45.9685
-2.41859  -234.603
85.8867  26.7418
-75.2052  36.2941
132.138  -238.678
-249.68  23.4764
124.035  -108.882
147.015  167.615
111.904  -101.772
19.3258  -47.2045
-199.11  -55.3072
-201.643  84.1014
-169.08  95.4695
85.3832  119.259
194.121  128.292
34.753  -117.534
-194.273  -116.436
116.726  238.739
-6.05029  -142.544
150.601  56.4516
-75.7393  -8.69015
249.252  -63.1657
223.998  -139.691
65.1341  37.8506
-177.229  214.949
-21.0349  71.1615
-225.677  77.8756
121.197  -200.011
75.3731  -150.204
-132.824  116.07
247.269  127.056
196.654  23.8273
195.891  184.431
57.9775  109.951
115.535  -174.039
128.109  -173.612
-47.6318  57.2451
108.394  164.991
193.022  -218.139
-52.6215  51.8128
-5.95874  -24.3156
130.902  39.3918
-82.1329  41.5281
-69.834  124.874
-209.273  -202.177
248.535  -227.767
-51.6602  -195.906
-42.5199  -33.0439
-115.139  -23.4916
-137.509  -119.335
70.8716  196.547
189.482  -25.338
-44.1527  -133.969
232.208  119.686
-79.1421  111.522
51.6907  60.7242
197.111  91.2427
-132.183  -195.601
15.8315  107.753
33.9747  -242.447
5.45518  -20.7755
235.427  194.823
101.192  -127.087
-198.225  -116.665
-16.8538  53.3845
-225.463  -56.9094
-191.679  249.084
119.961  -229.583
-247.803  90.1288
228.21  103.313
125.439  -179.456
89.1369  56.3753
81.492  238.006
-214.446  203.703
180.662  64.2491
194.502  37.5759
-173.902  199.309
36.9503  -118.526
-162.259  62.6469
167.158  85.139
179.319  -25.7347
241.485  80.0577
104.381  -220.885
157.987  123.455
237.075  167.676
-92.9365  -191.176
-147.244  -104.106
223.891  171.247
-125.118  -142.041
183.088  -34.5546
-147.137  214.37
126.659  -55.002
-62.6316  28.985
65.363  220.534
118.13  118.023
-55.6429  25.0938
240.112  63.9897
-86.1614  -34.9818
63.6692  97.8347
-4.93637  84.1929
-115.825  -197.63
-217.406  -180.113
-23.0186  -159.864
73.2521  178.388
-116.955  158.795
62.4485  208.403
-198.866  -122.906
-1.42674  100.566
102.062  -195.204
-64.0049  -9.10215
230.514  -200.575
-22.7439  -203.413
10.3687  -87.0159
145.26  162.076
118.908  31.9758
-224.136  -156.323
245.437  -36.401
71.7109  110.714
200.377  171.476
207.671  -8.50703
-10.094  113.75
128.857  -58.0233
122.311  -113.002
-68.5522  -234.39
161.13  128.948
-32.6624  -137.86
-208.769  -117.138
62.8452  133.633
-86.9243  -122.646
-7.51518  125.942
30.9687  -76.0445
98.1552  233.566
-49.1577  -113.659
194.441  46.1821
53.3082  -76.3192
150.708  164.884
157.498  -38.2931
-209.365  66.2023
241.272  94.3403
-0.358592  -157.865
33.639  -130.81
180.998  -105.541
244.781  159.97
-48.7457  -89.1369
-50.6684  78.7912
215.438  201.933
-111.156  131.832
12.8559  226.135
208.51  71.2226
-226.043  -118.221
-105.678  146.237
-120.968  -106.487
-74.0455  207.198
159.238  -128.307
-88.9233  -135.083
230.59  -127.255
216.796  158.994
-198.302  38.6288
-136.319  -62.0212
-154.294  143.551
198.363  -95.378
-222.915  126.019
109.645  29.2444
23.9647  -65.6987
-195.296  -215.56
136.563  -236.373
-89.9304  -95.8357
-177.519  12.9627
-86.3903  120.357
49.2492  39.7732
212.935  80.2255
104.9  40.643
-214.11  -102.626
-242.691  136.09
248.718  39.7732
-97.3769  -12.4439
-182.524  7.80511
-156.384  24.7887
-61.3804  5.47044
88.6639  111.629
103.832  57.9012
-188.322  228.484
115.322  -221.816
-136.029  -0.587481
-183.164  236.969
-21.6605  142.315
56.1159  137.356
56.299  169.691
-105.617  249.023
178.816  -81.0953
-171.354  -196.15
231.46  239.425
42.1995  -193.083
-215.758  -84.5286
-50.882  -34.5698
117.214  152.28
48.3489  189.055
31.8384  203.673
-147.046  -135.388
-160.443  -30.2973
-89.8083  -141.614
167.371  141.842
178.068  -50.9735
-28.4051  224.38
-226.15  144.208
-99.6963  9.74303
-139.523  84.3455
-105.159  -163.77
186.11  -13.8325
171.4  205.885
42.642  -170.347
-26.986  91.0138
158.918  241.028
232.727  7.22526
-206.008  -224.639
38.4304  181.257
46.3347  51.6755
40.2615  -108.501
144.314  -56.4211
190.809  -190.229
233.978  -221.129
-40.9787  -78.074
-70.719  -249.008
-91.4716  -144.223
140.927  -4.61592
-219.436  194.502
-51.2024  34.2952
-27.3827  103.282
34.2799  42.5504
53.1098  -152.234
-62.3875  138.012
202.91  32.1436
156.049  149.442
224.12  135.083
-151.44  64.9968
6.96585  171.659
162.564  114.589
95.3169  59.3661
-51.7365  189.192
241.394  16.4418
-123.501  50.0275
90.3882  70.3986
225.341  31.1213
-114.345  5.08896
-148.679  187.986
-165.067  -175.489
111.049  95.7595
28.4051  61.0752
248.23  249.969
49.0967  6.96585
12.5965  -227.157
166.318  196.333
25.5516  -121.502
-247.33  216.643
158.75  -200.087
-184.584  177.244
-59.1983  131.161
-217.376  -86.726
-241.913  -212.447
-65.0884  -246.872
-134.945  37.3012
123.226  -72.6569
-30.2973  -192.625
163.495  -52.6215
-90.0678  217.147
48.5778  32.1894
186.354  42.3826
-131.802  -89.198
-132.962  63.3946
77.7078  78.9132
130.215  -0.190741
5.74511  -162.229
-40.0632  -14.5039
242.187  193.51
-238.922  -213.363
-203.703  -55.3072
-91.4106  216.14
166.166  36.7519
-2.90689  -52.6521
209.868  10.979
-193.693  180.479
-41.0398  126.415
247.864  -135.586
-234.909  -17.3269
-190.809  -72.2755
-79.8746  221.984
-239.792  221.129
140.606  138.333
138.134  125.362
57.062  -227.981
-223.586  27.0165
98.8418  -182.34
-106.792  115.719
-84.9559  -76.1513
4.89059  205.733
222.32  212.477
180.662  35.1039
219.863  95.8815
-96.675  245.453
-37.4386  220.153
52.3469  -4.47859
-167.188  112.3
-225.524  -88.2672
1.38096  -140.21
-242.279  -171.293
18.395  -99.5743
174.345  22.9728
-75.3273  -249.39
-191.74  -107.112
24.2851  -249.603
132.839  -211.806
208.785  153.027
-145.627  -58.1912
-26.0552  137.509
187.04  207.564
19.3411  72.1076
-125.072  56.4516
71.7414  106.914
226.852  35.1344
-177.442  -76.3344
179.212  139.142
120.449  220.931
153.211  -195.601
-190.916  -237.304
221.282  -29.8395
-148.587  68.7506
-151.151  -83.9335
130.337  74.4881
227.004  -173.017
67.0568  -161.176
-38.583  -211.547
-52.7436  128.018
133.526  165.83
96.0036  -46.5026
-0.755333  70.4596
-208.235  -107.936
-158.841  -134.182
60.6174  -233.657
239.517  -83.14
240.509  13.7104
-222.152  35.6227
-42.8861  -178.098
-51.0651  -173.734
-98.8571  -140.713
-223.8  -117.367
48.1506  177.976
-82.9722  41.4975
211.303  117.977
-237.197  144.574
67.835  -209.639
-198.21  12.4439
49.7681  -32.2199
-239.7  83.5978
239.395  -39.8343
-212.157  -78.5165
160.428  -195.952
201.796  43.0235
105.19  -156.537
57.2298  -228.622
-111.476  30.4956
57.7639  66.4159
169.294  23.7358
72.5501  35.6685
229.537  -87.2906
-224.41  79.2184
-147.397  146.451
172.681  -128.521
190.413  -5.82141
31.5027  132.931
-239.563  116.466
-19.0207  -104.93
-36.4772  74.778
-205.077  211.73
-237.472  -142.3
126.034  19.6005
-87.0769  -248.184
205.596  101.588
-114.33  135.51
-225.234  -144.482
-126.827  23.5832
-237.167  -178.053
18.7918  -58.71
-21.7673  173.582
-239.319  -44.7325
-172.285  119.9
-69.4983  -60.0528
-170.24  -69.9713
-2.43385  -92.4635
-62.7079  26.6961
99.208  -20.5313
-64.2949  -145.291
247.894  -172.422
-68.2775  -22.9728
-144.36  163.297
198.622  101.329
-33.4254  102.565
-106.38  -9.43785
-162  -14.9007
-87.0769  -39.6664
-239.257  -24.3156
-99.9405  -83.8115
-240.524  25.9636
173.2  134.381
63.4556  24.6361
87.0159  238.571
-11.6352  214.248
94.8134  76.1818
120.098  202.727
26.3146  -52.7436
-59.3661  147.778
-152.86  -111.11
-212.798  -57.7334
-84.9101  -31.518
-215.056  -21.3553
-0.679037  -210.997
143.811  -179.319
77.7383  159.162
-39.6207  -139.538
178.388  131.787
-84.788  -211.028
-219.665  -136.456
6.32496  -41.8332
39.9564  -0.953703
209.365  -37.1944
-142.331  32.4335
205.229  20.2109
51.5381  -150.311
65.6529  -24.102
152.615  -95.2406
37.5149  13.3747
88.1603  232.498
-183.729  -103.847
-231.887  -248.276
-50.6684  -179.945
-159.452  61.5177
-239.99  204.131
131.664  183.531
-67.5146  -2.02185
35.9279  -45.9838
148.633  -165.967
-127.819  18.3187
-82.8959  102.504
-28.9087  130.84
-14.3818  -222.686
9.6057  214.064
-23.3238  71.3599
-141.766  -120.724
137.616  248.611
-43.3439  -137.494
-154.386  171.934
-16.9149  78.5012
-241.882  -85.7952
-166.547  245.972
249.42  11.0401
175.611  -212.6
23.9494  183.241
94.4014  -43.7101
47.1282  107.173
93.2417  -104.961
183.973  61.0294
-32.3725  76.6854
186.522  25.2464
-183.47  -166.517
-79.5389  65.1646
206.969  -74.3049
-28.3898  73.9387
-242.538  -146.756
22.9423  204.054
156.384  -136.013
142.758  65.3478
-119.961  -138.867
-125.484  17.8457
126.98  163.388
-230.789  137.371
233.52  -179.365
-249.359  182.096
86.3903  -61.4566
-45.7091  138.379
-201.872  214.888
-69.4372  173.597
160.764  141.11
-147.183  74.5186
143.323  71.9398
121.014  -0.968963
-50.8209  116.329
1.30467  119.518
-101.65  52.7741
192.625  -14.0461
150.708  222.228
-39.5291  186.872
35.6075  101.619
228.774  136.273
3.70037  11.1927
-229.644  64.6458
-33.7611  158.826
-113.216  42.2758
37.8811  -25.7958
217.91  112.789
-51.6297  -63.654
71.9703  -134.777
138.745  -152.661
-83.018  22.7897
-192.183  -244.491
-76.2734  -123.775
-75.5257  -18.9138
201.079  140.072
-28.6798  -52.4537
114.513  59.8849
-64.4932  -228.179
-171.827  -151.364
-187.834  -183.683
-38.8577  -219.771
136.334  156.064
-1.39622  18.4256
-191.527  163.877
-151.41  9.27
230.071  167.035
184.858  15.038
13.8478  -121.822
-33.639  118.007
-214.644  53.8728
-225.661  -228.011
-159.421  83.6741
-142.758  229.949
175.871  -36.7824
24.3767  -74.4728
155.423  -145.993
-221.267  137.082
-167.829  183.393
-170.194  11.803
187.651  -12.4592
-123.196  -221.526
-193.739  -49.0204
-196.944  226.775
249.954  -154.813
172.239  -218.764
148.495  -179.93
166.746  248.321
-228.561  -249.191
-140.576  64.0355
96.9955  93.791
-41.3297  121.105
143.536  -45.8769
-82.1787  3.09
79.6609  -181.501
49.5544  203.871
-122.005  156.049
35.6227  160.764
28.6187  -159.558
-27.0775  179.075
77.7535  96.6292
-153.867  76.487
7.16422  -75.1595
67.8503  125.271
220.077  205.473
-23.339  120.373
149.182  -62.4027
-66.0649  151.822
-247.772  -185.469
-90.2203  -90.8765
-88.8775  89.3811
198.943  96.202
-0.267037  -66.3854
157.193  -215.361
136.502  242.279
98.8266  -216.308
-112.941  88.1756
246.017  -145.047
-67.2094  -221.053
-129.65  -150.235
-29.2138  219.726
17.6473  97.8347
-139.126  34.3257
-43.8627  124.722
-214.644  148.785
239.105  26.7266
-62.9521  -210.433
22.2709  81.019
1.25889  100.215
26.8029  -80.7138
-52.591  -171.049
-211.669  -156.964
-104.259  -208.876
82.9112  108.47
74.9001  58.8015
170.087  -240.646
135.998  81.2784
244.232  -164.121
-161.359  189.253
234.39  37.4844
-125.149  185.942
-156.613  167.997
-153.989  -21.691
-33.105  -58.8473
159.055  -48.6694
-117.168  -25.4906
-143.017  38.5983
-147.87  50.058
149.838  192.442
21.0349  -30.5567
161.176  206.389
-234.008  82.1635
156.262  93.5011
-128.628  -185.377
-232.803  -26.7113
180.921  -221.587
-19.1733  170.804
113.43  -214.293
-95.2406  -19.5853
183.363  -149.93
77.7078  -201.872
-83.14  0.709555
-161.023  74.9458
-196.028  -11.6047
23.4764  -205.336
177.702  210.997
-2.63222  -70.6427
160.169  -63.0284
-199.751  75.3426
67.1636  154.798
-90.6476  223.037
-88.9386  126.461
-108.547  -136.288
-106.944  -26.7418
-41.8638  -113.674
25.277  -128.14
189.985  -32.5861
-226.516  188.932
-54.7426  -92.6466
-139.187  132.275
218.932  116.024
123.302  246.796
-32.5861  201.003
57.7792  -166.837
164.777  -138.592
-47.1587  117.733
106.029  40.5972
243.347  -248.856
223.098  40.6888
-20.7144  -35.3633
-70.8869  52.1485
49.4324  -38.7661
-243.271  -198.424
50.531  -129.177
-194.166  -229.202
-57.3061  -153.424
-233.398  190.291
-118.572  131.161
33.3491  -239.837
-132.824  170.804
174.772  -198.088
102.718  105.419
-223.708  -206.175
199.355  212.706
-79.8135  -6.64541
122.25  134.487
-181.211  99.559
15.6789  -36.4772
-133.038  158.658
-201.14  18.7155
128.857  165.906
172.758  -113.201
25.0175  66.9195
-71.2378  59.0457
235.321  111.4
199.812  240.509
83.2621  -237.289
44.2747  160.474
-82.6365  116.131
3.80718  -38.1252
-244.69  28.9544
25.1549  -1.94555
206.404  -84.1014
-112.941  114.711
-62.2196  -87.7178
22.5303  245.483
200.56  -141.095
-122.692  -100.948
180.815  -189.039
195.128  -133.984
191.633  24.8344
-129.772  223.556
-28.5577  125.271
-241.913  -33.9137
104.534  -93.4706
84.5744  -159.879
-170.789  -29.6106
-155.576  211.241
249.268  154.126
-170.286  41.345
214.415  -48.2116
178.694  -195.341
-114.696  -118.358
85.7799  -79.9203
248.764  3.13578
63.4251  28.283
98.674  36.2484
-103.847  191.847
248.627  -213.332
177.9  -153.867
-8.73592  -170.27
72.6264  79.5236
70.6885  156.125
189.528  70.5359
182.875  232.818
212.889  -239.349
-229.781  182.035
177.61  90.4645
125.652  31.6401
30.7093  -122.753
71.7566  239.731
-130.276  162.656
231.002  -52.9878
-1.57933  107.906
152.203  159.665
190.535  -234.893
-190.901  -183.973
-197.92  -197.295
236.709  -59.6866
123.089  13.0848
-179.182  -163.846
108.974  180.509
6.7217  23.5832
-117.321  137.631
-57.8249  -128.033
147.763  88.5571
-179.197  132.687
-96.7818  26.574
-58.7405  -175.84
100.963  -175.123
247.772  172.559
135.952  -171.918
-132.244  61.3346
-189.833  23.0338
-87.6568  192.686
160.855  116.649
54.8494  -85.9935
-206.511  99.3149
153.516  -87.4279
110.469  121.609
-66.3396  231.384
75.7241  -237.396
-4.92111  -190.428
-93.7757  18.1204
160.26  0.328074
-169.141  86.5581
-71.0395  -230.667
-192.763  -219.192
55.0478  27.1996
-162.763  144.391
10.8264  -201.369
-228.317  99.62
-145.215  181.822
245.071  206.206
-231.674  -199.217
130.596  -141.598
-223.022  204.237
156.522  -1.33518
-78.1503  -86.4208
74.1676  176.008
-103.13  73.7861
18.3187  27.3217
-82.3923  -90.4035
-49.3561  9.62096
-163.099  -59.2135
